1.285820
-2.393194
0.060469
-2.867653
0.717637
-0.114952
-0.057326
0.544296
0.238721
-4.306676
0.331054
-2.601172
0.186120
-0.725307
-0.279909
1.296920
0.109892
-0.612373
0.002752
-0.292835
1.000129
0.040721
0.218108
0.322840
0.434676
0.306927
0.839630
-1.899708
0.556226
-2.301808
0.165614
-7.059531
0.156792
0.002796
0.161624
-0.452665
1.553287
-3.372885
0.374275
-0.176027
-0.006468
0.227962
0.795109
-1.352819
0.797681
-2.448151
0.348626
-0.698419
0.990798
-0.276223
0.565424
-0.091075
0.261937
-0.023003
0.446315
0.119827
0.344924
1.216560
0.188915
-2.050697
0.512255
-0.708000
0.402927
-1.137795
0.610533
-1.650907
-0.029811
2.238157
1.446529
0.177980
0.060469
-1.525200
0.120764
-2.554484
0.765028
-2.652368
0.060469
-0.000248
0.120764
-3.192933
0.765028
-1.804949
0.060469
-2.102598
0.120764
0.286674
0.765028
0.626972
0.060469
2.485555
0.120764
0.007076
0.765028
-2.031143
1.391227
-0.231910
0.067479
-0.148117
0.122675
-0.105013
0.453803
-0.090713
0.177288
0.632101
-0.717029
0.606471
0.282110
0.072845
0.066708
0.332326
-0.409051
0.407897
0.208542
0.137134
-0.023401
0.311665
0.343837
-0.259865
0.278712
0.060469
-0.111643
-2.211630
0.076030
-1.826422
0.343181
0.196647
-0.016772
0.581396
-0.033607
0.333264
0.060469
-2.902757
0.023202
0.074851
1.041970
-0.191136
0.509592
-1.734359
-0.935833
-1.140512
0.816032
-0.361354
0.749748
-1.667002
0.458422
-1.185589
-0.254688
-4.429621
1.618153
-0.586528
0.171215
-1.675112
0.700817
-0.548285
1.635777
-0.697914
0.707439
-0.657625
0.324405
-0.483539
-0.152699
-5.420222
-0.005834
-0.525909
0.840597
0.025751
-0.769901
0.226645
1.699528
-0.836931
2.260094
0.255595
-0.071203
-1.881285
-0.134897
-1.357232
0.572658
-4.887928
5.362619
-4.621554
0.746287
0.124463
0.081956
0.224664
0.025892
-0.212106
-0.063500
-4.389118
1.046281
1.444185
-0.384101
0.279099
-0.139012
0.453348
0.116668
-2.652368
-0.771765
0.194935
-0.061113
0.060469
0.280826
0.507467
-0.517237
-0.284996
0.618088
0.187630
0.776322
-0.240705
0.008953
-0.067316
0.978015
-1.580163
-0.368589
-0.226965
2.169430
0.060469
-0.312332
-3.961899
0.763597
-5.102334
-0.204416
-1.991553
-0.516061
-0.743012
2.217450
-0.849956
-0.436312
-0.057966
0.060469
-0.057966
0.572658
0.303223
0.060469
-1.775895
0.542164
-2.109742
0.228358
-0.057966
-0.378040
-0.626893
0.220809
0.337269
0.434462
-0.057966
-0.282931
-1.033377
-0.899563
0.060469
-0.325230
-0.140014
0.309389
-1.538102
0.057113
-2.095028
1.106761
-5.217628
1.832539
-0.725050
0.008953
-2.828223
0.396712
-0.276379
0.542618
-4.212158
0.267102
-0.044480
0.900224
-4.292262
-0.762461
-1.676522
0.105442
-2.565422
-0.018966
-0.671998
-0.799020
-2.344285
0.001281
-1.710362
0.001281
-0.452665
1.534945
-2.816586
-1.061232
-3.316257
0.994849
0.035295
0.057134
-0.049980
0.552670
-1.792670
0.504869
-0.881297
1.165021
-1.667708
0.492977
-1.345863
-0.099669
-0.037056
-0.599055
0.005335
-0.125335
-1.983662
0.947077
-0.643804
-0.245861
-4.099301
0.057134
0.286674
-0.477006
-1.983396
1.382239
0.001132
-0.669173
-3.141897
0.060469
0.118445
-0.595626
-0.911666
-0.122431
-2.426203
-0.429556
-1.385340
-0.985587
0.367018
-1.184461
-0.167509
-0.173608
-2.236305
0.771338
1.728389
0.287421
0.240689
-0.641398
0.195634
-0.643336
-3.276281
2.286090
-2.208023
0.676054
-2.976703
-0.086318
-7.831268
-1.017829
-0.547025
-0.731521
-1.402975
2.477645
-3.442170
2.552958
-2.886909
1.760903
-3.249786
-0.227457
-1.062001
0.060469
0.060469
-0.181018
-0.603878
-0.007245
-0.400055
0.916399
0.014976
-0.913657
-0.491701
4.618646
-4.333232
0.060469
-1.467605
0.056814
-0.618772
0.969501
-1.987518
0.760734
-0.839399
-0.232958
-0.116028
0.424742
0.228095
2.169430
-0.765639
1.253124
-0.675042
0.933112
-1.126546
0.324740
-2.331132
0.096433
-5.165779
-0.074051
-1.768143
0.018594
-4.060000
0.569564
-2.055606
2.050416
0.132459
0.100593
-3.984184
1.094003
-2.604388
0.314245
-2.068355
-0.008367
0.032994
-0.292096
-0.835011
0.521293
-1.020424
0.632705
-0.061905
-0.116696
-3.249786
1.326277
-1.580163
0.436438
-0.626893
0.994935
1.012257
-0.058007
-0.686414
2.050416
-0.733839
0.573629
-0.457986
0.809394
-0.143578
1.776866
-3.109506
-0.235546
-0.146064
1.976396
-6.861638
-0.396558
-16.269043
0.366499
-3.155337
-0.309626
0.097926
0.059672
-1.355182
0.060469
0.051333
0.260437
-5.480650
0.343837
-2.021287
-1.235822
-3.601579
0.032359
0.071717
0.559381
-3.227659
0.907600
1.024762
0.682136
-0.175733
0.378350
-0.626893
-0.030583
-0.626893
0.207858
-3.608810
1.790337
-1.322407
0.194710
-0.735245
1.065085
-2.586937
1.358676
-3.035232
0.496177
-0.065273
0.705013
0.331411
-0.005747
-1.120058
-0.063500
-0.754518
2.665032
-2.000830
1.271946
-1.869661
0.984913
-0.363851
0.164000
-0.146064
0.973029
-0.296660
0.761350
-0.739865
1.617188
-4.431944
0.060469
-0.960617
0.977925
-1.874212
-0.028580
-0.430277
0.727258
-3.431647
2.310848
-0.146064
0.060469
-7.055469
0.542715
-1.640111
0.504188
0.644253
0.057373
0.103461
1.123596
-0.957846
0.642050
-1.127362
0.671127
-1.047124
-0.193720
-3.766793
1.629565
-2.499593
0.163236
-1.376166
-0.448752
-1.839099
0.291359
-1.632317
-0.246283
-0.051323
-0.060334
-0.906687
0.754472
-1.658570
0.868163
-1.904512
-0.324467
0.543230
1.006685
-1.345863
0.600342
-2.638333
1.325045
-0.051893
2.497915
-0.278710
0.616999
-7.756296
0.328973
0.374174
0.343673
-1.821419
0.961725
0.376658
8.312864
0.586122
1.712280
-0.057966
-0.124877
-2.932761
0.239591
-0.057966
-0.410118
-1.706715
0.294852
-2.582184
-0.135159
-0.081913
0.244960
-1.893158
-0.277500
-5.344404
0.110621
-2.001104
0.887081
-3.341357
0.141297
-2.707978
1.084549
-0.122827
-0.008674
-0.141954
3.699559
-0.690437
1.125989
-2.604343
0.547337
-0.254275
0.805357
-1.744455
-0.102411
-0.844673
0.060469
-4.333232
0.060469
-2.183438
1.692683
-2.723813
1.795733
-0.003015
-0.324857
-0.452665
0.640359
-0.026998
0.344541
-0.078155
0.482158
-2.076569
0.690984
-2.184118
2.900511
0.060469
2.900511
0.172087
1.354831
-2.170338
1.586717
-1.545461
0.053133
-2.723813
0.446659
0.060469
0.060469
-1.545461
-0.291478
0.015047
0.060469
0.115003
0.379323
-2.765968
0.339395
0.033154
1.637400
-3.300692
-0.125335
-2.687638
-0.067876
-1.345863
1.220084
-2.119615
-0.456104
-1.762749
0.100802
-2.659937
-0.201709
-0.754518
2.784379
-2.636485
-0.063500
-1.147908
1.123596
-2.205288
0.378635
-4.449746
-0.813153
-1.298481
0.077094
-1.758178
0.559544
-3.788579
1.438609
-3.282610
0.161353
-4.883047
0.060469
0.490486
0.125270
-3.580810
0.988529
-0.754518
1.978313
-1.546790
0.236976
-0.734988
0.645918
-0.692257
0.366182
-9.661362
1.166049
-3.733593
0.172901
0.140231
0.313381
-1.385203
0.760435
-3.249786
1.444185
-0.852885
-0.024401
-1.614013
-0.214711
-0.974201
-0.077175
-1.284363
0.060469
-0.038642
4.133770
-0.038642
-0.075874
-3.020565
3.112713
-0.038642
1.840655
-0.125332
0.887929
-1.977657
-0.880506
-2.234154
0.251216
-1.132595
0.896002
-1.691013
-0.020571
-0.505248
0.056814
-0.008373
0.060469
-1.322385
2.169814
0.135254
0.089422
-1.378382
1.976396
-1.577351
1.752390
0.509270
0.928460
-1.977657
0.981804
-17.559834
-0.131030
-3.152938
-0.023530
0.228108
4.790500
0.074783
0.207268
-0.057966
4.498394
-0.008373
0.057134
-3.969017
1.865674
0.281627
2.772094
-2.696471
0.346949
-3.389184
0.189462
-1.004948
-0.218633
-0.617578
0.060469
-1.345863
1.833759
-0.011926
-0.218064
-1.977657
-0.218064
-2.282709
-0.522074
-0.754518
0.202308
-0.037056
-0.119370
-1.546790
1.461757
-0.626893
0.238640
-0.905346
0.157457
0.105454
0.060469
-1.194817
0.124397
-0.874570
2.674169
-2.154860
-0.474966
-1.221375
0.462197
-3.545818
-0.284095
-1.350762
1.079122
-0.179938
0.771253
-0.764164
0.917582
-0.175733
0.173383
-0.626893
0.271994
-0.023165
0.018944
0.060469
0.022952
-0.063808
0.248099
-0.969903
0.249493
-2.769253
0.675208
-0.013943
0.110144
-1.729554
0.264779
-0.222792
0.572658
-2.473607
2.362179
-1.666948
1.368362
0.034899
1.140034
0.804726
0.201289
-2.342391
-0.368622
-3.709540
0.349741
-3.937653
0.923466
-0.106801
0.367395
-0.878487
0.782171
-1.345863
0.056814
-0.619651
6.159925
-1.345863
0.049051
-2.882750
0.782171
0.697189
-0.642881
1.306067
4.216486
-1.345863
1.099400
-1.345863
2.025016
-1.668719
0.153150
-3.274807
1.777869
-3.536084
2.962520
-2.541789
-1.832945
-2.873901
0.994411
-0.162176
-0.102411
-1.383020
-0.102411
0.005957
2.849499
-0.386570
0.244960
-0.151323
-0.160261
-0.278385
-0.258332
0.267200
0.475528
-0.308806
0.054250
-1.350558
0.667966
-0.010573
0.877737
-2.003662
0.310955
-2.468069
-0.041150
-2.709295
0.580567
-1.224346
1.203057
0.681897
0.307963
-2.108218
0.050737
-0.890850
-0.064082
-0.296660
1.557718
-0.739865
1.455982
-0.683097
2.484058
-2.791929
0.272875
-0.686499
1.116421
-4.281100
-0.603878
0.060469
1.835303
0.420965
0.067479
-1.517254
-2.770575
-4.817487
2.988995
0.271383
2.750198
-2.282594
0.996432
-2.522697
-0.159217
-1.768143
0.026311
0.060469
0.539200
-0.140014
0.141066
-0.118843
0.274744
-0.458038
0.536160
-0.420668
2.201431
-1.448576
1.066661
-1.272086
2.315776
-1.550564
1.313599
-1.897313
0.094840
0.053466
0.470933
-2.872645
0.366906
-0.406469
4.563261
-0.536281
10.275806
-1.681447
1.309643
-1.335079
2.825351
0.343274
5.186152
-4.116610
1.597105
-0.555637
-1.313997
-3.739950
2.400823
-2.998692
0.909366
-5.387026
0.634879
-3.943686
2.573098
0.627044
5.462862
0.386593
0.774807
0.749240
0.386593
-0.337476
0.749240
0.381126
-0.337476
0.134546
0.381126
-3.341116
0.267321
5.761672
-0.140333
0.205908
-0.286089
3.159929
0.881942
-2.530186
1.971307
-3.224441
0.660298
-1.409463
7.053570
-0.905655
-0.431400
0.010908
0.749959
-3.156055
3.058673
0.115535
0.387357
-0.829317
0.142411
-0.846524
0.778646
0.743258
0.592099
0.137705
1.001669
0.156074
0.182437
0.156074
0.178611
0.156074
0.218949
0.156074
1.505589
0.046817
1.244435
0.169163
0.526343
0.251237
4.088746
0.156074
0.681119
0.052928
-0.689996
0.028287
-0.280450
0.148225
0.052949
2.943467
0.132508
-0.486255
-0.312873
-1.616274
1.090759
0.060469
0.201434
0.159413
1.424474
-2.568749
1.326150
0.113000
0.946046
0.886021
-0.203891
-0.454678
1.413144
-0.042008
0.569868
-0.207806
-0.064183
0.035134
0.090075
-0.019251
1.575745
-3.184940
1.398268
-3.075894
0.048209
-0.152674
2.168288
-1.335937
1.378793
0.386593
0.103763
0.749240
2.051697
-0.337476
0.000670
0.381126
-0.096427
0.060469
0.235470
0.010908
0.136479
-0.125943
0.006908
-1.514915
4.269616
-0.913264
1.987683
-0.623553
0.166733
-0.431448
4.321253
-1.315871
0.641302
-3.114282
1.387821
-3.357911
-0.436312
-2.897150
0.691144
-1.305250
0.597555
-2.100210
4.368020
1.545442
0.342840
-0.610989
0.460126
-1.900880
0.328422
-2.462068
0.244165
-1.591729
-0.671949
-1.822032
-0.033088
-1.306901
0.607494
-0.929613
0.449477
-0.982058
0.767369
-0.569106
0.702091
0.058052
0.550506
0.742582
0.272068
-1.727465
1.837969
-1.599583
-1.014437
-0.905655
6.552201
-1.346120
0.887426
-2.836880
0.459125
-0.705485
0.967046
2.549543
0.348711
-1.712140
0.323216
0.010908
1.213473
1.214526
2.055409
-0.411638
0.120287
0.121907
1.437015
0.144992
0.456964
0.784838
0.440546
-2.393698
5.520374
-0.575103
2.324854
1.205246
-1.511704
-2.796081
0.487267
-14.994928
-0.064483
-1.505953
0.874023
-0.474966
0.243343
-3.732948
0.062419
-3.700788
1.010972
0.052664
1.132872
0.010908
0.702461
0.386593
0.764641
0.749240
2.332711
-0.337476
5.326700
0.381126
3.111853
-0.335505
1.602802
-0.905655
-0.003346
0.015367
1.215568
0.700039
-0.644909
0.630323
0.474618
0.373756
0.263154
-0.178335
-0.323620
-1.282046
1.705267
1.561095
3.665292
-3.134097
-0.601686
-1.083378
2.915926
-0.043065
0.792847
-0.581046
0.783261
-0.806282
0.459618
0.060469
1.387821
-1.322241
-0.436312
-1.016531
0.691144
0.378350
0.597555
-0.281436
1.479565
-0.379922
0.550100
-0.000166
0.040037
-2.166340
2.121258
1.104707
0.585511
-0.455086
0.273099
-2.341328
2.021322
2.197339
4.213916
-1.592285
4.665134
-0.713295
1.452789
-1.237808
-0.310759
0.060469
3.692197
-0.905655
2.573098
-0.026998
1.650384
-1.295218
0.764870
-1.295218
0.656502
-1.900880
0.783122
-2.689069
-1.847273
-0.406200
2.982677
-0.192994
0.219824
-0.319034
0.040957
-0.140718
1.439828
-0.992787
1.099415
-2.608796
1.090835
-1.698126
0.797638
0.213418
2.573098
-0.583952
0.703017
0.118132
-0.013019
0.160917
0.673706
-0.386344
0.217261
-0.334028
0.155232
-1.600199
0.195562
-1.716902
2.554700
-0.139938
0.819254
-1.114065
0.283263
-0.419572
1.649311
-1.231697
0.399577
-0.342027
0.375894
0.678596
1.782291
-0.116617
0.535584
0.059721
0.443714
-4.504198
0.884296
0.714922
0.884296
0.156570
0.884296
-0.147932
0.884296
0.307236
-0.374641
-0.202864
-0.423935
-0.335505
-0.682244
1.775207
1.649311
0.060469
0.426379
-1.216246
0.236693
-1.527009
0.535584
-0.664319
0.443714
1.329359
1.501043
0.127549
0.267461
0.971821
1.137627
-3.107987
-0.251925
-0.930988
0.856708
-0.084443
2.465900
-0.438445
-0.076076
0.678596
-1.173652
-1.900880
0.850563
0.063376
0.864971
-0.106536
0.024522
0.060469
2.410529
-0.074876
3.432778
-1.737992
0.072543
1.080607
0.552183
-0.702423
2.573098
-0.518603
-0.396201
-2.962748
3.184846
-0.103318
-0.166559
-0.603878
0.008487
-2.100210
0.782171
0.525661
-0.021079
-1.241838
0.763234
0.602242
-0.613820
0.060469
0.937687
0.010908
1.169964
0.010908
0.339966
0.010908
0.947623
-0.299461
4.318870
-2.100210
1.919345
0.665734
2.011591
0.060469
1.059111
-0.471318
-0.363173
-1.900880
0.060469
-0.525784
5.340668
-4.133133
0.533395
0.201297
1.719418
-1.634605
1.129137
-0.511973
0.624813
-0.905655
2.520021
0.200642
2.355604
0.052189
1.463739
-2.491709
1.604820
-0.717773
1.247002
0.026403
1.253799
0.060469
1.567014
-1.057607
0.939245
0.074209
0.824661
-0.074775
1.809795
-0.278391
0.296020
-1.772872
0.400995
-1.522568
-0.046012
1.146258
4.031734
-0.359465
1.420920
-0.100966
5.212621
0.013412
-0.387836
0.082583
0.818886
-1.036067
0.734584
-0.290456
-0.179968
-1.303599
0.190378
-0.658489
2.573098
-3.324586
1.679631
-0.077695
2.702818
0.060469
1.456413
0.090238
3.968790
-1.176437
1.679631
-0.031606
4.796082
-1.432132
0.603664
-1.900880
0.389654
-0.013159
3.466872
0.060469
1.594132
-0.411638
0.846845
-0.278579
0.314617
-1.426284
0.758188
-1.065682
-0.429851
-0.403564
9.458680
-1.076399
1.665323
-0.338310
1.224498
0.026367
0.305975
-1.067639
1.904822
-0.703086
1.078416
0.386593
0.060469
0.749240
0.106724
-0.337476
1.413313
0.381126
2.979527
-0.975170
0.304261
-0.420998
0.398163
0.145125
0.161993
1.078353
2.583469
1.809839
0.530861
-0.669843
3.102594
-5.436050
1.298439
-2.789059
-0.374641
0.082898
0.103722
-0.955217
1.090627
-1.379824
0.894522
0.445062
0.765392
0.302261
-0.703078
-1.985040
0.226764
-1.029074
0.049448
-0.997696
0.142958
-1.035326
-0.189957
-1.414246
1.241851
0.413281
1.917472
0.145125
4.612124
0.218295
0.243950
-0.063500
0.984825
0.534549
-0.027713
-0.282724
6.996585
-0.312938
0.678596
-0.063500
3.967379
-0.191877
-1.229351
0.102109
1.297926
-0.030734
2.039234
-0.292680
1.271946
0.808219
0.474618
-0.857152
-0.993589
-0.356412
3.422722
-1.348219
-0.019879
-1.268856
2.177375
-3.942229
1.382552
-5.862871
-0.072458
-5.970541
-0.499516
-0.632254
0.625699
-1.268856
1.393162
-3.942229
-1.389824
-5.862871
-0.364995
-5.970541
0.137292
-0.411272
-0.142754
-2.412147
0.353838
-1.671885
0.413006
-0.703086
-0.723872
0.654702
3.403829
0.054100
0.177209
-0.781333
1.042036
-0.662527
0.019440
-0.204247
0.487620
-0.823631
0.841732
-1.479136
-1.307420
-0.692795
1.060281
0.016462
1.320643
-0.001093
-0.370956
1.500137
0.257472
1.500137
0.748584
-3.152008
2.573098
-0.981168
-0.350703
-6.184943
1.180316
-0.227207
0.082693
-0.007125
0.082693
2.091308
0.459723
-0.027885
-0.085343
-2.274031
2.104762
0.142813
1.421269
-4.094928
-0.014160
0.058251
5.409681
0.128444
0.471824
0.372787
2.915926
-0.335463
0.792847
-6.022354
0.783261
-0.770565
0.459618
0.335145
-0.130041
-2.190107
0.810512
-1.897929
3.620944
0.138256
1.266911
-0.603878
9.458680
-0.249698
2.399799
-1.621519
1.647540
0.386593
1.900363
0.749240
0.879484
-0.337476
0.425129
0.381126
0.388377
-0.824568
0.300343
-1.256568
0.632781
-1.656326
0.652553
-1.981697
1.160085
-3.093367
0.475433
-0.198626
1.450686
-3.947465
2.139276
0.086087
1.338616
-0.863903
0.288310
-1.374762
0.781694
-0.474966
3.632982
0.138256
1.622690
-2.147880
2.656980
-1.761329
0.566462
-0.364196
0.060469
-0.465652
1.622411
-2.254944
0.267137
0.495866
0.366463
0.138256
1.560789
0.058252
0.370291
0.261354
2.995562
-0.596183
1.738972
-0.134295
2.983394
-0.754518
0.738543
-1.942740
0.130252
-0.727476
0.615409
-0.808567
1.386314
0.337014
-0.113773
0.096376
0.166022
1.261331
0.232294
-0.375378
5.293496
-0.592722
1.127781
-1.127973
-0.318579
-0.481303
1.117652
-1.791250
4.560893
-0.583473
0.060469
0.102156
0.060469
-0.955232
0.112382
-1.081990
0.768890
-0.487559
1.572831
-0.537401
0.653239
-0.081798
1.679631
-0.139967
0.033407
0.152640
0.596933
-2.998230
2.101304
-1.740466
2.029609
-0.063500
0.391693
-0.154763
0.619467
-0.884607
4.356223
-2.080635
0.075881
-0.233369
1.048984
0.206402
0.568956
0.060469
0.192602
-0.525635
0.198463
0.242518
0.130626
-0.527707
-0.035263
-0.063500
0.060469
-0.064082
0.060469
-2.181755
0.060469
-2.155372
0.210584
1.286250
0.207858
-1.283286
1.622411
0.632038
0.386593
-0.024144
0.749240
-0.657004
-0.337476
-1.740466
0.381126
-0.497018
0.500040
-0.684362
-1.859394
0.442667
1.338145
-0.603878
1.750478
-0.603878
0.060469
-1.663837
4.794761
-1.304682
0.505271
0.661546
0.505271
-1.808376
1.311395
0.124657
2.915926
-1.360377
0.792847
0.012018
0.783261
-14.719083
0.459618
-0.698887
-0.207829
-0.415762
1.614038
0.334016
-0.172168
-4.682252
0.368432
-1.178190
-0.054917
-1.492177
0.650440
-0.090194
3.941944
-0.062684
2.055767
-0.784076
1.009512
0.459155
0.812973
0.002355
-0.057803
0.002355
0.181624
0.194710
0.827834
-0.063500
-0.248484
1.953969
2.399799
-1.275975
4.535993
0.384189
0.181643
0.040954
-0.084338
1.383174
0.411129
-0.253543
0.479714
-0.612826
0.938812
-0.313171
2.453868
0.586418
0.075881
0.126875
1.048984
-1.481239
0.568956
0.103919
0.192602
0.103919
0.198463
0.183913
0.130626
0.419519
-0.035263
-0.876579
0.060469
0.452779
0.060469
-1.461110
0.060469
-0.313171
0.210584
-0.057582
0.207858
-0.090194
2.915926
-0.201709
0.792847
-1.022111
0.783261
0.040451
0.459618
-0.001118
1.155390
-1.361947
0.214499
1.383174
0.212536
-0.612531
0.704862
2.180367
0.304785
-1.749145
0.122037
-1.971825
0.057653
0.007391
0.682574
0.731930
2.788962
-1.256777
0.088756
-0.897201
0.977996
-0.092308
-0.110602
-0.092308
1.152747
-0.885673
-0.288519
-2.325181
1.458341
-1.899798
-0.060611
-0.125335
0.771206
0.131289
0.035348
-0.201709
-0.266067
-5.176900
1.289665
-2.625993
2.268884
-2.259204
0.011478
-2.418924
0.237029
-0.163790
0.353410
0.060469
0.755767
-1.764956
0.481913
-1.414057
-0.982908
-0.541323
0.185334
0.384825
-0.163841
-1.057676
0.219611
-1.772773
0.185476
-2.416248
0.656494
0.180998
-1.260438
-2.614255
0.861413
0.060469
-0.012518
0.099152
1.268364
0.313316
1.679631
0.201977
0.504048
2.063564
1.387821
0.017993
-0.436312
-2.100210
0.691144
0.212671
0.597555
-0.395452
0.370285
-0.374414
0.376763
-0.054108
0.656101
-0.385749
0.603942
-1.609843
1.387821
-1.282172
-0.436312
-1.182392
0.691144
-0.163049
0.597555
-0.952287
-0.978219
-0.552461
1.295777
1.809839
-0.189179
0.345759
0.103110
-0.167647
0.660001
-0.201709
-0.022076
-0.170890
0.125640
0.782171
0.684624
-2.067206
0.131359
0.843216
-0.806250
-0.104634
-0.435407
0.075534
0.703125
0.183207
0.158492
-0.057992
0.627486
0.708753
0.778774
0.033346
0.596585
0.641847
0.215127
-2.653586
0.935915
-0.181106
0.533819
1.391633
1.064990
1.383174
-0.055917
-0.415762
0.032463
0.052277
0.764030
1.372059
-0.057026
-0.186085
1.523954
-2.340447
-0.325875
-0.157850
-0.574309
3.058672
1.025778
-4.101693
-0.272352
-1.761329
1.144391
0.060469
0.307188
-0.349825
0.156716
-0.269033
0.397405
0.428648
-1.315531
-3.915095
-0.072354
-0.538302
0.700504
0.313631
1.491604
1.383174
0.624081
0.030922
-0.038162
-0.096247
-0.728903
-1.780333
0.903465
0.251600
0.054150
1.057740
2.113211
0.252113
2.139381
0.533612
0.980474
-0.812119
-0.176722
-0.090194
1.387821
0.612198
-0.436312
-1.729532
0.691144
1.282628
0.597555
-0.525089
2.422736
-0.404256
0.249848
0.136036
0.488781
-1.616274
1.380887
-0.012470
2.215139
-2.881567
0.501304
1.383174
-0.353604
-0.063500
0.926361
-0.385530
0.926361
-0.153579
1.188629
-0.498523
-0.546761
-0.045157
0.219841
-0.341687
-0.539681
-0.012817
-0.269277
-0.342174
1.703356
-0.497018
0.168528
0.060469
0.175886
-1.715203
0.152242
-3.483187
0.265347
2.050416
-0.128251
0.788331
-1.105983
-0.019324
0.090990
-1.313130
-0.152246
0.294623
-0.296951
-0.125335
-1.016305
-0.039498
1.201272
-0.603878
0.215157
1.383174
0.497890
-0.069853
1.403898
0.125218
0.157219
-1.240971
0.378684
0.060469
0.448472
0.091292
0.146944
0.428648
0.861336
0.013960
2.244994
-0.042000
1.371190
0.255809
0.554144
-0.110066
0.277835
-0.321553
-0.110192
-5.503602
0.064864
-1.308663
0.708510
-1.827588
0.857946
0.329648
0.270259
-1.172187
0.337086
-3.311881
-0.156260
-0.093822
0.557458
-0.562882
0.128836
-0.562882
0.894917
-4.366228
6.402804
-2.248756
0.993824
-1.740466
0.225255
-0.997689
-0.340870
-0.415762
-0.207603
0.248946
0.500452
-1.614014
0.679781
-0.679592
-0.593043
0.441994
-0.070325
0.108716
0.131086
-0.152610
-0.079553
0.361469
0.988223
-0.968700
0.078898
0.060469
1.302750
-0.603878
2.648338
0.060469
3.211409
-0.810030
0.382996
-2.619555
0.720945
-3.341211
0.135792
0.079445
2.108197
-0.497018
-0.412567
1.383174
0.415498
-0.997721
1.854285
-0.035017
0.619564
-0.867467
1.512275
-0.970593
0.985856
0.190032
0.274384
-0.057582
0.699917
-0.004583
0.586864
0.047089
0.109648
-0.170890
0.119396
-0.053660
1.119992
-0.159787
0.508651
-0.551743
0.035942
-0.058228
0.060469
-0.835237
-0.099186
-0.467804
0.241307
-1.039940
1.279373
0.355431
0.774284
0.142677
2.318714
0.071556
0.322443
-0.738107
0.244681
-3.561632
-0.122970
-3.652564
0.052733
-0.646879
0.060469
-0.603878
0.272947
-0.211491
0.292051
0.229896
2.208765
-0.012973
0.819258
1.809839
1.391782
-0.014219
0.755356
0.081558
0.298170
-7.670962
0.737974
-1.151937
0.001138
-0.415762
0.185334
-1.740466
0.311874
-0.072036
3.397042
-0.983596
0.146520
0.077316
0.856738
3.924341
-0.238701
0.723453
0.777098
0.402931
0.101751
0.756580
-0.187456
1.061713
0.780326
0.863934
-0.014126
0.240702
1.848802
3.924341
1.780688
0.723453
0.249790
0.402931
0.822703
0.756580
-0.294248
1.061713
0.676086
0.863934
0.454085
0.240702
-1.912285
-0.819647
-0.573965
0.231473
0.012492
0.439913
0.071359
-0.140970
0.398230
-0.174974
0.020419
0.397924
0.661726
-1.525879
0.855514
-1.762311
2.890326
-0.342575
0.739425
-1.358771
-0.255540
-0.890812
1.063647
-1.740466
0.200581
0.228095
-0.212077
-0.429465
0.381860
0.627805
2.402410
-0.090194
1.017826
-0.621917
1.186683
-0.372014
0.237146
-0.496103
0.333827
-0.787030
-0.195332
-0.744512
0.479965
-0.456449
1.176594
-6.551791
-0.283763
-0.449536
0.114459
-0.149337
-0.661932
-1.854111
0.361017
-3.897161
0.278316
0.251735
1.696534
0.343166
0.368109
0.437853
0.101751
-0.497018
0.487487
-1.182381
0.236384
-1.867736
0.677546
0.097962
0.174858
-1.607268
0.461523
-3.781521
0.344037
-3.570969
4.277792
-0.253964
0.308860
0.640501
0.355053
2.503634
-0.058803
0.916086
1.317342
0.060469
0.120347
0.060469
0.879397
0.141628
0.132034
-0.738102
-0.051593
-0.509240
-0.016956
-0.142348
0.677243
-0.497018
0.945374
1.383174
0.059766
-1.122380
0.692699
-0.057969
0.751609
-0.052599
0.174647
-2.433270
-0.008897
-1.997127
0.541701
-0.424058
1.205575
0.194710
-0.336300
0.265179
0.424816
1.014892
-0.775643
-1.187696
0.475991
-0.060238
2.078568
-0.090315
0.235823
-3.238196
0.187050
-0.103615
0.467914
-0.766647
1.439936
-2.207040
0.752366
-0.579073
0.496943
-2.647682
2.011599
0.517731
1.835033
-4.574821
0.549698
-0.944381
-0.247740
0.484341
0.842282
-0.145331
0.286859
-0.670854
-3.314121
-0.913596
-0.045434
-0.781444
-0.074349
0.202860
0.294734
-0.292245
-0.430176
-0.404280
-0.439768
-0.201709
0.245111
-0.603878
0.268193
0.783122
-0.560463
-1.050088
0.013906
-0.037781
2.479217
0.017639
1.781519
-0.044378
0.624479
-0.344689
1.251005
0.497650
0.925280
-5.079951
-0.264126
-0.527707
0.925280
-2.070506
0.328826
0.039154
-0.094129
-1.593515
1.188553
0.053466
1.096998
0.108715
0.179633
0.006462
3.736006
-0.576701
0.783410
-0.017652
1.279089
0.097098
0.894081
-1.502955
0.915244
0.190756
0.130049
1.181347
1.209827
0.115786
-0.081218
-1.971825
-0.210975
-0.259735
0.208302
-0.387511
0.317277
0.138467
-0.163250
-1.740466
-0.141371
-0.015568
0.743697
-1.730015
0.426707
-0.025891
0.148834
-0.321793
0.127612
0.152640
2.045205
-0.732462
0.196470
-1.649887
0.353696
-1.111315
0.330224
-3.311500
0.054550
0.078885
1.160376
-3.044791
0.497001
-0.993278
0.162281
-0.587047
1.798652
-1.776254
-0.509327
-0.010499
0.863415
0.118635
0.863415
0.352306
0.659027
-0.828371
0.442147
0.194710
-0.186975
0.440975
2.047611
0.118635
-0.185081
-0.293077
0.315682
1.383174
0.416191
-2.124485
0.989028
-1.027931
0.513515
-2.005232
-0.240060
-0.771906
-0.464879
0.542654
0.607515
-0.771906
0.274387
-0.670882
0.060469
0.171356
1.679230
0.110784
1.203972
-1.663037
-0.043315
0.060469
0.152963
1.383174
0.546491
-0.515579
0.966147
-1.018114
-0.103950
0.138256
0.543300
-0.415762
-0.031904
-0.570016
0.404191
-2.903654
3.026703
0.010853
2.640788
2.912899
1.761976
0.779495
0.843891
-0.173859
1.583497
0.145458
1.939355
-0.777071
1.067388
-0.067828
0.312936
0.719100
0.372991
-2.799848
1.768051
0.002628
-0.027153
-0.415762
0.383465
-0.713217
1.239720
-1.684011
-0.172239
-0.603878
0.241872
-0.454797
0.047690
0.060469
0.814333
-7.021677
0.732352
-1.326887
0.399060
-1.616274
0.833980
-0.415762
-0.036859
-0.057582
0.444194
-0.091844
-0.036859
0.056814
7.509305
-2.052685
0.085873
-0.815547
-0.055162
-0.239741
3.080464
-0.030235
3.080464
-1.370195
-0.315077
-0.682925
0.089602
-0.000936
0.450884
0.275336
0.247051
-1.636182
-0.125380
-0.669248
0.000338
-2.958312
0.024556
0.533849
1.103134
0.207820
-0.125335
0.138509
0.331054
-0.086997
0.316714
-0.542423
0.413035
0.057373
0.276949
0.926361
0.919723
0.926361
-0.264126
-0.472786
4.214750
-3.592088
1.498655
-2.438837
0.020419
1.383174
0.226815
-2.714401
0.752299
-6.430057
0.139396
0.019338
0.486093
-2.021161
0.161927
1.183562
-1.361530
-0.394283
-0.229833
-1.740952
0.208250
-2.307540
0.660662
-1.662881
0.766392
-0.975264
0.646873
-0.471739
-0.051381
-1.442808
0.319783
-2.256052
-0.391741
0.030880
0.205308
0.060469
-0.278436
-0.679592
0.018414
0.314332
0.312971
-0.485113
0.273730
-0.094985
-0.148407
-0.337384
0.070263
-0.266216
0.667359
-0.527586
0.725178
-0.239834
-1.378268
0.710078
-0.168741
-0.441963
0.845084
-0.241246
0.107186
-0.402980
0.609037
-1.617465
-0.099310
-3.167748
0.250871
0.766483
-0.233157
1.183562
0.684519
-10.568911
-0.218106
-0.988024
0.550336
-1.588341
-0.232726
0.392484
-0.063664
0.110467
-0.137924
-0.201709
0.250846
0.386593
0.138170
0.749240
0.021761
-0.337476
0.263128
0.381126
0.741565
-0.027746
-0.118153
0.060469
-0.522783
0.060469
0.052011
0.377379
0.613317
-4.509362
0.574241
0.060469
0.409583
0.060469
-0.097180
-1.661646
-0.500867
0.060469
0.928929
0.231074
0.184184
2.235525
1.119113
-0.004302
-0.325486
-0.256025
-0.102012
-2.644500
0.060469
1.891719
0.794555
0.295762
-0.073120
-0.417787
-0.300339
-0.022005
-0.483889
0.281566
-0.643809
0.243186
0.428215
0.226867
-0.569957
0.000752
-0.186831
-0.165065
1.809839
0.720468
-0.235354
0.046768
0.500927
3.501521
-1.338657
0.364469
-1.272969
-0.610820
-2.954664
-0.417998
-0.367653
1.642703
-0.236613
0.400655
-1.174467
0.924325
-0.452811
0.755726
0.064026
0.637082
-1.349495
0.716498
0.005155
0.662860
0.364209
0.846115
-0.551985
1.695226
0.060469
0.305843
-0.055220
1.854317
-2.212501
0.386593
-1.271256
0.749240
0.441930
-0.337476
-1.332096
0.381126
1.747044
1.168012
-1.143481
0.603720
0.173806
1.552995
0.096376
-0.155100
0.025356
0.535064
-0.045226
-0.655334
0.060469
0.214939
-0.107446
1.295435
-0.033183
0.820843
-0.278231
-0.114190
1.498724
0.055293
-0.825958
0.204661
-0.189733
0.031267
-0.268548
0.058009
-0.140179
0.913920
-1.407093
1.994664
0.193803
1.247061
0.910446
0.348961
-0.583882
0.514182
0.503109
1.192708
0.293626
0.536589
-0.291184
-0.540295
-0.071574
0.822226
0.509882
0.016980
-0.144936
1.538009
0.691744
-0.323165
0.569303
-0.445445
-0.879513
1.809839
-0.671086
0.301332
0.000475
-0.476040
0.524906
0.386952
-0.031304
-0.230109
-0.048952
0.348961
0.159413
0.861465
-0.226868
0.698670
0.225123
0.082449
-0.141759
0.428425
-0.063500
-0.231148
0.012480
0.480026
-1.795833
0.055462
-1.723705
0.988568
-0.794190
-0.073850
-0.500732
0.415660
0.083285
0.093900
-0.305869
0.316819
-0.029875
0.093037
0.345932
0.151237
-0.243809
0.436976
-0.482857
0.073998
0.179921
-0.030401
-0.239437
0.148323
-1.238070
0.124223
0.702207
0.005956
0.252764
-0.118839
-0.032956
0.219638
1.921092
0.385540
-0.542730
-0.184917
-1.599897
0.211189
-0.151718
0.536518
-0.564861
0.042725
0.238130
0.241148
-0.213935
0.332228
-3.816980
0.180881
-1.110641
0.230026
0.060469
0.365612
0.412480
0.482091
0.286627
0.151237
-0.556867
0.324786
-1.851406
1.031408
-0.345748
0.222228
-2.295258
1.380584
0.027732
0.131359
-1.287822
-0.211430
-0.174294
3.461327
0.000793
0.719556
-0.347675
0.226054
0.169419
-0.469567
0.735686
0.662485
0.330929
0.165531
-0.601524
-1.372600
-0.824951
0.453227
-1.411308
0.406437
-3.625824
0.552058
-1.810101
0.544644
1.213991
0.492383
-0.497018
1.850349
0.326830
-0.128875
-0.008329
1.438472
-0.497018
-0.441317
-0.023645
0.193178
0.060469
0.823206
-0.073120
0.153039
-0.141870
0.771344
-1.297605
1.983503
-2.226075
0.365555
-0.072869
1.219228
-0.201709
2.050416
-0.174725
2.551284
0.823507
0.197122
0.352306
0.132673
-0.454484
0.328867
-3.094428
0.798575
0.016837
-0.545826
-0.390116
-0.545826
0.047089
-0.093579
-0.099227
0.879131
-0.090194
6.252710
0.089098
0.351737
-0.161176
0.470313
-0.039087
-0.457204
-0.321553
-0.570606
-0.314321
0.060469
0.194710
1.153747
0.090202
0.831016
-0.036831
0.328973
-0.063500
0.132983
-0.527707
-0.023363
-0.276379
0.285704
-0.679592
0.138760
0.194710
-0.390121
0.310082
0.293254
-0.982949
0.226147
-3.359392
0.238033
0.060469
0.090828
-4.520264
0.018298
-0.158917
4.238159
-2.672574
0.103560
-1.690636
0.650121
-2.069394
-0.081900
0.060469
0.513800
-0.038964
-0.265745
-3.357911
0.599396
0.060469
1.308311
-0.046703
0.713151
0.510247
-0.096851
0.060469
0.177703
0.223897
0.353669
-6.084013
0.288262
0.174406
-0.222100
0.196912
-0.100134
0.674158
2.510320
0.060469
0.585857
0.060469
1.038427
-0.145636
1.283983
0.018338
1.022820
0.060469
2.422671
-0.959529
0.458067
0.281976
-0.244159
0.139945
0.125899
-4.693870
0.826578
0.281976
1.353925
0.350353
2.731908
-0.204491
0.578289
-0.341687
0.093285
-0.901209
-0.155485
2.422736
0.390654
-0.315771
-1.990137
-0.307660
1.809839
0.134192
-0.110941
-0.229509
0.159413
0.300217
-0.073120
-0.417787
-0.300339
-0.022005
-0.483889
0.281566
-0.643809
0.243186
0.428215
0.226867
-0.569957
0.000752
-0.186831
-0.165065
1.809839
0.720468
-0.235354
0.046768
0.500927
3.501521
-1.338657
0.364469
-1.272969
-0.610820
-2.954664
-0.417998
-0.367653
1.642703
-0.236613
0.400655
-1.174467
0.924325
-0.452811
0.755726
0.064026
0.637082
-1.349495
0.716498
0.005155
0.662860
0.364209
0.846115
-0.551985
1.695226
0.060469
0.305843
-0.055220
1.854317
-2.212501
0.386593
-1.271256
0.749240
0.441930
-0.337476
-1.332096
0.381126
1.747044
1.168012
-1.143481
0.603720
0.173806
1.552995
0.096376
-0.155100
0.025356
0.535064
-0.045226
-0.655334
0.060469
0.214939
-0.107446
1.295435
-0.033183
0.820843
-0.278231
-0.114190
1.498724
0.055293
-0.825958
0.204661
-0.189733
0.031267
-0.268548
0.058009
-0.140179
0.913920
-1.407093
1.994664
0.193803
1.247061
0.910446
0.348961
-0.583882
0.514182
0.503109
1.192708
0.293626
0.536589
-0.291184
-0.540295
-0.071574
0.822226
0.509882
0.016980
-0.144936
1.538009
0.691744
-0.323165
0.569303
-0.445445
-0.879513
1.809839
-0.671086
0.301332
0.000475
-0.476040
0.524906
0.386952
-0.031304
-0.230109
-0.048952
0.348961
0.159413
0.861465
-0.226868
0.698670
0.225123
0.082449
-0.141759
0.428425
-0.063500
-0.231148
0.012480
0.480026
-1.795833
0.055462
-1.723705
0.988568
-0.794190
-0.073850
-0.500732
0.415660
0.083285
0.093900
-0.305869
0.316819
-0.029875
0.093037
0.345932
0.151237
-0.243809
0.436976
-0.482857
0.073998
0.179921
-0.030401
-0.239437
0.148323
-1.238070
0.124223
0.702207
0.005956
0.252764
-0.118839
-0.032956
0.219638
1.921092
0.385540
-0.542730
-0.184917
-1.599897
0.211189
-0.151718
0.536518
-0.564861
0.042725
0.238130
0.241148
-0.213935
0.332228
-3.816980
0.180881
-1.110641
0.230026
0.060469
0.365612
0.412480
0.482091
0.286627
0.151237
-0.556867
0.324786
-1.851406
1.031408
-0.345748
0.222228
-2.295258
1.380584
0.027732
0.131359
-1.287822
-0.211430
-0.174294
3.461327
0.000793
0.719556
-0.347675
0.226054
0.169419
-0.469567
0.735686
0.662485
0.330929
0.165531
-0.601524
-1.372600
-0.824951
0.453227
-1.411308
0.406437
-3.625824
0.552058
-1.810101
0.544644
1.213991
0.492383
-0.497018
1.850349
0.326830
-0.128875
-0.008329
1.438472
-0.497018
-0.441317
-0.023645
0.193178
0.060469
0.823206
-0.073120
0.153039
-0.141870
0.771344
-1.297605
1.983503
-2.226075
0.365555
-0.072869
1.219228
-0.201709
2.050416
-0.174725
2.551284
0.823507
0.197122
0.352306
0.132673
-0.454484
0.328867
-3.094428
0.798575
0.016837
-0.545826
-0.390116
-0.545826
0.047089
-0.093579
-0.099227
0.879131
-0.090194
6.252710
0.089098
0.351737
-0.161176
0.470313
-0.039087
-0.457204
-0.321553
-0.570606
-0.314321
0.060469
0.194710
1.153747
0.090202
0.831016
-0.036831
0.328973
-0.063500
0.132983
-0.527707
-0.023363
-0.276379
0.285704
-0.679592
0.138760
0.194710
-0.390121
0.310082
0.293254
-0.982949
0.226147
-3.359392
0.238033
0.060469
0.090828
-4.520264
0.018298
-0.158917
4.238159
-2.672574
0.103560
-1.690636
0.650121
-2.069394
-0.081900
0.060469
0.513800
-0.038964
-0.265745
-3.357911
0.599396
0.060469
1.308311
-0.046703
0.713151
0.510247
-0.096851
0.060469
0.177703
0.223897
0.353669
-6.084013
0.288262
0.174406
-0.222100
0.196912
-0.100134
0.674158
2.510320
0.060469
0.585857
0.060469
1.038427
-0.145636
1.283983
0.018338
1.022820
0.060469
2.422671
-0.959529
0.458067
0.281976
-0.244159
0.139945
0.125899
-4.693870
0.826578
0.281976
1.353925
0.350353
2.731908
-0.204491
0.578289
-0.341687
0.093285
-1.076597
